# id	left	top	right	bottom	texture_id
[SPRITES]
#WALK
31001	0	0	15	15	30
31002	16	0	31	15	30

#DIE
32001	32	7	47	14	30

#DIE_BY_KOOPAS
32002	16	672	31	687	70

#red goomba
#walk
31003	88	0	103	15	30
31004	104	0	119	15	30

#wing_right
31005	136	2	143	14	30
31006	144	7	151	15	30

#wing_left
31007	544	2	551	14	20
31008	536	7	543	15	20


#die
31009	120	7	135	15	30

# ani_id	sprite1_id	time1	sprite2_id	time2	...
[ANIMATIONS]
5000	31001	100	31002	100
5001	32001	100
5002	32002	100

5003	31003	100	31004	100

5004	31005	100	31006	100
5005	31007	100	31008	100
5006	31009	100