# id	left	top	right	bottom	texture_id
[SPRITES]
############################## RED KOOPAS ####################################
#WALK_LEFT
31701	96	50	111	77	30
31702	112	50	127	77	30

#WALK_RIGHT
31703	560	50	575	77	20
31704	576	50	591	77	20

#DIE_DOWN
32701	128	48	143	63	30
32702	144	48	159	63	30
32703	160	48	175	63	30
32704	176	48	191	63	30

#DIE _ UP
33701	128	624	143	639	70
33702	144	624	159	639	70
33703	160	624	175	639	70
33704	176	624	191	639	70

#KOOPAS BACK (DOWN AND UP)
34701	128	64	143	79	30
34702	312	43	327	58	30	


############################## GREEN KOOPAS ####################################
#WALK LEFT
34703	0	51	15	76	30	
34704	16	51	31	76	30	

#WALK RIGHT
34705	295	5	310	30	30	
34706	311	5	326	30	30	

#DIE_DOWN
34707	32	48	47	63	30
34708	48	48	63	63	30
34709	64	48	79	63	30
34710	80	48	95	63	30

#DIE _ UP
34711	271	301	286	316	30
34712	287	301	302	316	30
34713	303	301	318	316	30
34714	319	301	334	316	30

#KOOPAS BACK (DOWN AND UP)
34715	32	64	47	79	30
34716	301	69	316	84	30	

# ani_id	sprite1_id	time1	sprite2_id	time2	...
[ANIMATIONS]
############################## RED KOOPAS ######################################
#WALK LEFT AND RIGHT
5050	31701	200	31702	200
5052	31703	200	31704	200

#DIE DOWN
5051	32701	100

#DIE DOWN SPINNING
5053	32701	60	32702	60	32703	60	32704	60

#DIE UP
5054	33701	100

#DIE UP SPINNING
5055	33701	60	33702	60	33703	60	33704	60

#TIME OUT => RETURN (DOWN AND UP)
5056	32701	50	34701	50
5057	33701	50	34702	50

############################## GREEN KOOPAS ######################################

#WALK LEFT AND RIGHT
5058	34703	200	34704	200
5059	34705	200	34706	200

#DIE DOWN
5060	34707	100

#DIE DOWN SPINNING
5061	34707	60	34708	60	34709	60	34710	60

#DIE UP
5062	34711	100

#DIE UP SPINNING
5063	34711	60	34712	60	34713	60	34714	60

#TIME OUT => RETURN (DOWN AND UP)
5064	34707	50	34715	50
5065	34711	50	34716	50