# id	left	top	right	bottom	texture_id
[SPRITES]

#####  TAIL ###############
#IDLE
11001	211	442	233	471	40
11002	172	442	194	471	40

#WALKING RIGHT
11003	235	442	259	471	40
11004	261	442	284	471	40

#WALKING LEFT
11005	146	442	169	471	40
11006	121	443	143	471	40

#RUNNING RIGHT
11045	210	522	235	551	40
11046	250	522	274	551	40
11047	290	522	315	550	40

#RUNNING LEFT
11048	170	522	194	551	40
11049	130	522	154	551	40
11050	90	522	114	550	40

#JUMP WALK RIGHT
11417	334	243	351	270	40
11413	54	243	71	270	40

#JUMP RUN RIGHT & LEFT
11427	332	363	352	390	40
11423	53	363	73	390	40

#SIT RIGHT & LEFT 
11521	375	247	390	266	40
11511	15	247	30	266	40

#BRACE RIGHT & LEFT 
11621	174	282	191	311	40
11611	214	282	230	311	40

#DIE
13001	374	208	391	225	40


#####  BIG ###############
#IDLE
11121	640	720	686	805	40
11111	523	722	565	803	40

#WALKING RIGHT
11222	758	722	806	803	40
11223	877	725	925	803	40

#WALKING LEFT
11212	401	722	449	803	40
11213	282	725	330	803	40

#RUNNING RIGHT
11321	633	960	690	1041	40
11322	752	960	809	1041	40
11323	871	963	928	1041	40

#RUNNING LEFT
11311	517	960	574	1041	40
11312	398	960	455	1041	40
11313	279	963	336	1041	40

#JUMP WALK RIGHT
11417	996	725	1044	803	40
11413	162	725	211	803	40

#JUMP RUN RIGHT & LEFT
11427	990	1082	1047	1160	40
11423	160	1082	217	1160	40

#SIT RIGHT & LEFT 
11521	1118	737	1160	791	40
11511	47	737	89	791	40

#BRACE RIGHT & LEFT 
11621	639	841	687	925	40
11611	520	841	568	925	40

#DIE
13001	1118	621	1163	669	40

############ SMALL ################
 #IDLE
12121	645	264	681	309	40
12111	526	264	562	309	40

#WALK RIGHT
12222	761	264	806	312	40

#WALK LEFT
12212	401	264	446	312	40

#RUN RIGHT
12321	639	502	687	550	40
12322	758	502	806	550	40

#RUN LEFT
12311	520	502	568	550	40
12312	401	502	449	550	40

#BRACE RIGHT & LEFT
12511	642	383	684	431	40
12521	523	383	565	431	40

#JUMP WALK RIGHT & LEFT 
12417	997	264	1044	311	40
12413	162	264	211	311	40

#JUMP RUN RIGHT & LEFT 
12427	639	621	687	669	40
12423	520	621	568	669	40

# ani_id	sprite1_id	time1	sprite2_id	time2	...
[ANIMATIONS]
400	11121	100
401	11111	100

#WALKING RIGHT & LEFT 
500	11121	100	11222	100	11223	100
501	11111	100	11212	100	11213	100

#RUNNING RIGHT & LEFT
600	11321	30	11322	30	11323	30
601	11311	30	11312	30	11313	30

#JUMP WALK
700	11417	100
701	11413	100

#JUMP RUN
800	11427	100
801	11423	100

#SIT RIGHT & LEFT 
900	11521	100
901	11511	100

#BRACE RIGHT & LEFT 
1000	11621	100
1001	11611	100

#DIE
999	13001	100

################### SMALL #################
1100	12121	100
1102	12111	100


#WALK LEFT & RIGHT 
1200	12121	60	12222	60
1201	12111	60	12212	60

#RUN LEFT & RIGHT
1300	12321	50	12322	50
1301	12311	50	12312	50

#BRACE LEFT & RIGHT
1401	12511	100
1400	12521	100

#JUMP WALK
1500	12417	100
1501	12413	100

#JUMP RUN 
1601	12423	100
1600	12427	100