# id	left	top	right	bottom	texture_id
[SPRITES]
#red
40201	384	432	431	527	30
40202	432	432	479	527	30

40203	480	432	527	527	30
40204	528	432	575	527	30

40205	1488	432	1535	527	20
40206	1536	432	1583	527	20
						
40207	1584	432	1631	527	20
40208	1632	432	1679	527	20

#green
40209	96	432	143	527	30
40210	144	432	191	527	30

40211	192	432	239	527	30
40212	240	432	287	527	30

40213	1776	432	1823	527	20
40214	1824	432	1871	527	20

40215	1872	432	1919	527	20
40216	1920	432	1967	527	20
#green bite
40217	0	435	47	503	30
40218	48	435	92	503	30

# ani_id	sprite1_id	time1	sprite2_id	time2	...
[ANIMATIONS]
15500	40201	300	40202	300
15600	40203	300	40204	300
15700	40205	300	40206	300
15800	40207	300	40208	300

15505	40209	300	40210	300
15605	40211	300	40212	300
15705	40213	300	40214	300
15805	40215	300	40216	300

15865	40217	300	40218	300