# id	left	top	right	bottom	texture_id
[SPRITES]
#red
16000	153	119	168	134	50

#green
16001	281	119	296	134	50

#leaf
16002	177	121	192	134	50
16003	228	121	243	134	80


#Star - flow
16004	198	119	213	134	50
16005	304	119	319	134	50


#ani xoayy mush, flow, star
16006	9	28	24	43	120
16007	68	30	83	44	120

16008	29	29	44	44	120
16009	81	30	96	46	120

16010	49	28	64	43	120
16011	96	29	111	44	120


# ani_id	sprite1_id	time1	sprite2_id	time2	...
[ANIMATIONS]
160988	16006	80	16007	80
160989	16008	80	16009	80
160990	16010	80	16011	80