# list of object assets to load in this scene
[ASSETS]
AssetFile/mario.txt
AssetFile/coin.txt
AssetFile/Road.txt
AssetFile/brick.txt
AssetFile/Background.txt
AssetFile/ColorBox.txt
AssetFile/goomba.txt
AssetFile/Pipe.txt
AssetFile/koopas.txt
AssetFile/ScoreGame.txt
AssetFile/questionblock.txt
AssetFile/redmushroom.txt
AssetFile/bullet.txt
AssetFile/piranha.txt
AssetFile/WorldMap.txt
AssetFile/intro.txt

#
[OBJECTS]
# type	x	y	extra_settings per object type
# type: 0 = Mario , 1 = Brick, 2 = Goomba, 3 = Koopas
# See OBJECT_TYPE constants in AssetIDs.h

5 	0	00	16	16	39	166081	166081	166081	0	0
5 	0	16	16	16	39	166081	166081	166081	0	0
5 	0	30	16	16	39	166081	166081	166081	0	0
5 	0	46	16	16	39	166081	166081	166081	0	0
5 	0	62	16	16	39	166081	166081	166081	0	0
5 	0	78	16	16	39	166081	166081	166081	0	0
5 	0	94	16	16	39	166081	166081	166081	0	0
5 	0	110	16	16	39	166081	166081	166081	0	0
5 	0	126	16	16	39	166081	166081	166081	0	0
5 	0	142	16	16	39	166081	166081	166081	0	0
5 	0	158	16	16	39	166081	166081	166081	0	0
5 	0	174	16	16	39	166081	166081	166081	0	0
5 	0	190	16	16	39	166081	166081	166081	0	0
5 	0	206	16	16	39	166081	166081	166081	0	0
5 	0	222	16	16	39	166081	166081	166081	0	0
5 	0	238	16	16	39	166081	166081	166081	0	0

#colorbackground
5 	16	30	8	8	29	166080	166080	166080	0	0
5 	16	46	8	8	29	166080	166080	166080	0	0
5 	16	62	8	8	29	166080	166080	166080	0	0
5 	16	78	8	8	29	166080	166080	166080	0	0
5 	16	94	8	8	29	166080	166080	166080	0	0
5 	16	110	8	8	29	166080	166080	166080	0	0
5 	16	126	8	8	29	166080	166080	166080	0	0
5 	16	142	8	8	29	166080	166080	166080	0	0
5 	16	158	8	8	29	166080	166080	166080	0	0
5 	16	174	8	8	29	166080	166080	166080	0	0

#object in world map like start, sence box

16	72	69	1	0	1	0	1	1	0
16	104	37	1	1	1	0	0	1	0
16	136	69	1	1	0	1	1	1	0
16	200	37	1	0	1	1	0	1	0
16	72	101	1	1	0	1	0	1	0
16	72	133	1	0	0	1	1	1	0
16	104	165	1	1	1	0	0	1	0
16	136	133	1	1	1	1	0	1	0
16	168	133	1	1	1	0	0	1	0
16	200	133	1	0	1	0	0	1	0

16	40	69	166011	1	0	0	0	1	1
16	72	37	166012	1	0	1	0	5	1
16	136	37	166013	1	1	1	0	1	1
16	168	37	166014	1	1	0	0	1	1
16	168	69	166015	1	1	0	0	1	1
16	200	69	166016	0	1	0	1	1	1
16	104	133	166016	1	0	0	0	1	1
16	136	101	166017	0	1	0	1	1	1
16	72	165	166095	1	0	0	1	1	1
16	136	165	166096	0	1	0	1	1	1

#bridge
6 	152	134	16	16	1	166099
#lockedbox
6 	72	85	16	16	1	166088
#castle
16	104	101	166019	1	1	0	0	1	1
#rock
6 	88	134	16	16	1	166018
6 	88	150	16	16	1	166018
6 	104	150	16	16	1	166018
6 	56	166	16	16	1	166018
6 	40	166	16	16	1	166018
6 	56	150	16	16	1	166018
6 	40	150	16	16	1	166018
6 	56	134	16	16	1	166018
#big castle
6 	200	133	16	16	1	166078
6 	201	121	16	8	1	166079

#grass
15	24	37
15	40	37
15	56	37

15	24	53
15	40	53
15	56	53

15	216	37
15	232	37
15	216	53
15	232	53
15	216	69
15	232	69
15	232	85
15	232	101
15	232	117
15	232	133
15	232	149
15	232	165

15	216	85
15	232	85


15	88	53
15	104	53
15	120	53
15	88	69
15	104	69
15	120	69
15	88	85
15	104	85
15	120	85

15	152	53
15	168	53
15	184	53
15	152	85
15	168	85
15	184	85
15	200	85
15	152	101
15	168	101

15	24	85
15	40	85
15	56	85

15	24	101
15	40	101
15	56	101

15	24	117
15	104	117
15	120	117
15	136	117

#River
5 	148	170	8	8	4	166029	166021	166022	1	0
5 	180	170	8	8	3	166021	166022	166021	1	0
5 	204	170	7	8	3	166022	166022	166030	1	0
6 	148	162	8	8	1	166031
6 	148	154	8	8	1	166031
6 	148	146	8	8	1	166027
6 	155	146	8	8	1	166024
6 	155	154	8	8	1	166028
6 	155	162	8	8	1	166032
5 	163	162	8	8	3	166033	166034	166033	1	0
5 	187	162	8	8	3	166034	166033	166034	1	0
6 	211	162	8	8	1	166035
6 	211	154	8	8	1	166031
6 	211	146	8	8	1	166027
6 	211	138	8	8	1	166031
6 	211	130	8	8	1	166027
6 	211	122	8	8	1	166031
6 	211	114	8	8	1	166027
6 	211	106	8	8	1	166023
5 	187	106	8	8	3	166020	166021	166022	1	0
6 	186	114	6	8	1	166028
6 	186	122	6	8	1	166030
5 	163	122	8	8	3	166021	166022	166022	1	0
6 	155	122	6	8	1	166020

6 	218	162	8	8	1	166028
6 	218	154	8	8	1	166028
6 	218	146	8	8	1	166024
6 	218	138	8	8	1	166028
6 	218	130	8	8	1	166024
6 	218	122	8	8	1	166028
6 	218	114	8	8	1	166024
6 	218	106	8	8	1	166024

6 	218	99	6	6	1	166026

5 	197	98	8	8	3	166033	166034	166034	1	0
6 	189	98	8	8	1	166033
6 	181	98	8	8	1	166025
6 	180	106	8	8	1	166027
5 	148	114	8	8	4	166025	166033	166034	1	0
6 	180	114	8	8	1	166035
6 	148	122	8	8	1	166027

#border map
5 	12	25	8	7	30	96004	96002	96005	1	0
5 	12	178	8	7	30	96001	96002	96003	1	0

8 	12	32	8	7	21	96006	96006
8 	244	32	8	7	21	96006	96006

#road
5 	24	73	16	7	1	96007	1	1	0	0
5 	56	73	16	7	1	96007	1	1	0	0
5 	72	69	16	7	1	96011	1	1	0	0
5 	76	53	8	16	1	96008	1	1	0	0

5 	88	41	16	6	1	96007	1	1	0	0
5 	104	41	16	6	1	96009	1	1	0	0
5 	120	41	16	6	1	96007	1	1	0	0

5 	140	53	16	6	1	96008	1	1	0	0
5 	140	69	16	6	1	96010	1	1	0	0
5 	140	85	16	6	1	96008	1	1	0	0

5 	152	41	16	6	1	96007	1	1	0	0
5 	184	41	16	6	1	96007	1	1	0	0
5 	200	41	16	6	1	96009	1	1	0	0
5 	204	53	16	6	1	96008	1	1	0	0

5 	152	73	16	6	1	96007	1	1	0	0
5 	184	73	16	6	1	96007	1	1	0	0

5 	76	101	6	16	1	96010	1	1	0	0
5 	88	105	16	6	1	96007	1	1	0	0
5 	120	105	16	6	1	96007	1	1	0	0
5 	120	137	16	6	1	96007	1	1	0	0
5 	136	137	16	6	1	96009	1	1	0	0
5 	140	149	6	16	1	96008	1	1	0	0
5 	120	169	16	6	1	96007	1	1	0	0
5 	104	169	16	6	1	96009	1	1	0	0
5 	88	169	16	6	1	96007	1	1	0	0
5 	76	149	6	16	1	96008	1	1	0	0
5 	76	133	6	16	1	96010	1	1	0	0
5 	76	117	6	16	1	96008	1	1	0	0

5 	168	137	6	16	1	96009	1	1	0	0
5 	184	137	6	16	1	96007	1	1	0	0

# MARIO
0	40	69	1