# id	left	top	right	bottom	texture_id
[SPRITES]
#HUD 
164011	2	223	259	272	90

#number 0
164012	77	31	84	38	90

#number 1
164013	88	31	93	38	90

#number 2
164014	97	31	104	38	90

#number 3
164015	107	31	114	38	90

#number 4
164016	117	31	124	38	90

#number 5
164017	127	31	134	38	90

#number 6
164018	137	31	144	38	90

#number 7
164019	147	31	154	38	90

#number 8
164020	157	31	164	38	90

#number 9
164021	167	31	174	38	90

#number 100
164022	60	88	71	97	90

#number 1000
164023	119	88	134	97	90

#arrow white
164024	63	161	72	170	90

#arrow black
164025	90	161	99	170	90

#F mode HUD - white
164026	72	162	87	169	90

#F mode HUD - black
164027	99	162	114	169	90

#1 UP
164028	194	88	211	97	90

# ani_id	sprite1_id	time1	sprite2_id	time2	...
[ANIMATIONS]
166022	164022	100
166023	164023	100
166024	164026	80	164027	80
166025	164028	100
